14990478
15843462
13884730
15675790
16530282
16189105
3759246
13469139
9315872
15659311
10930490
14013818
16274990
11305038
7302136
13512337
6985131
13026352
24723
13641058
16207388
7811596
5549826
9347891
713877
14991676
16742323
16756100
15941939
1940895
8456859
3030653
6852699
16147952
2876562
2134100
15086385
11282657
10963158
1970257
14997426
9531201
10923070
3594390
16529976
7180020
10586068
9089697
232492
6092049
14861363
11534020
10126716
16620739
16707105
6591918
13879420
1515494
7807841
10752160
16350039
8598197
10527674
13842576
8482537
16497710
16892681
16083525
7549488
15130681
150848
15391873
1093088
16631708
16447684
1633225
16673412
13138137
2704229
16497229
9473338
4295573
16284479
14611180
9067632
12026856
16333539
16483113
7957587
5643083
16202617
10126934
15311518
15354291
14507492
16779078
8943055
10885556
3355334
9154591
12932903
10603148
8101297
15569673
8682945
51073
13901471
13240929
1999959
6092935
13962795
4644790
16548419
2468125
8274354
11460984
6883183
5423473
11106417
11624048
14898913
14027250
9256506
13936968
1857709
15284087
10546027
9436713
8276435
10878643
15275345
12832388
15342819
10959676
16570216
3355288
16769052
15097007
7419046
9636960
7712676
725300
16162005
15130896
16151231
15833186
16134663
16288478
16687931
16368004
8763407
7902889
16394300
12360351
12205354
1408281
15422181
15640916
8037572
4902444
16606328
15437518
15274872
11080673
7712636
13558325
10839934
15218896
8306266
7419076
4170452
15240406
10910543
14774400
15074809
3812931
3821508
9529057
7528301
14500176
2846662
15328084
16002247
14489177
5850948
16284992
13187104
12133952
9990865
4347535
12605137
7451545
12812551
524240
2707150
4332383
10947461
2191951
13332150
1025032
15939487
15769794
13774014
12468843
6051847
13981699
16258221
8144576
12539103
3093543
7952959
1404326
15285456
16100223
16143121
3257886
8192881
7065061
5196195
2736358
14612720
6169292
5851961
2628247
15495326
16268238
16354575
11068548
6107258
7309811
10811198
16478812
16842343
7728712
7389541
15991265
14696763
16741273
15150589
1931946
8612902
16275401
10806613
10468747
4777415
8272389
10788486
13827924
10472346
10963713
11048476
8813536
7089833
1179825
10473301
10730611
16542790
16426353
14422371
1998111
997382
16530976
16490313
15176931
4948340
16113122
12846271
12657607
896938
15343159
1069167
16578747
13749078
5345792
13606695
16601793
15756104
14536328
6016017
5572169
2471457
9365080
16298221
1356129
10945354
3219171
1589361
14054264
12522344
1551553
8363922
10907472
10999527
10833518
13415763
7902488
5873066
16726700
6570087
16694385
6812162
11605674
10878514
10858401
11023714
11065185
11023980
11010288
2866418
7914478
10925179
5041554
1979761
8034806
10992652
8597777
8028540
7730652
15041821
15775660
15204367
15469292
16207317
15218019
16290621
15633281
1566931
6910758
15324129
15633115
15389724
5299461
11206585
6822747
1711403
14040855
10747952
14616761
4081570
12270642
8404771
11297447
11021380
5229696
15206174
13484925
10282144
9566035
11442940
4053780
15099420
15420617
4526415
14716346
12886996
10299331
10769424
16828172
13375531
9908325
16586246
2461006
16546691
8351923
8342059
292929
15771005
11555243
13635551
1850609
10658401
14225205
8717641
6331695
15420428
11344390
2072177
351821
16071302
1484792
142177
8760949
4936887
11070395
15929904
1279292
10390390
13590133
3729987
9491760
10945139
9974744
15807660
7595431
9302200
15855837
12845136
16003867
10878099
11556039
3895911
7859868
3354928
11038085
15643873
9164334
4510831
12311665
1336798
4156390
4909117
15287084
13022499
15702583
845480
15383658
16362304
12253459
9051149
15903424
5785978
9188845
6374167
16467328
9110032
7842054
16088162
10615018
551865
10235526
1931763
7547105
1623609
10940485
24463
9119249
13280184
8167459
11949198
10099733
15662917
7333736
8287266
3744863
14936372
10435334
12382918
10811617
10593261
2644770
6199643
14501017
10942561
15499467
8595304
7439070
10434779
14653150
15767699
10656597
13389922
10884865
12756507
11020738
10783912
8155037
16767921
8763366
15323945
6104684
15746324
14383718
5463011
15852721
15972858
16182225
13636310
15131294
16125990
7856089
241235
1738190
16810355
16569587
9943700
16286523
9438353
3291408
3670095
7965068
4631873
11186588
11496841
16256406
585225
15972802
3721927
2518781
929468
1124499
7220035
2077982
13315189
15821780
14962746
14913899
10503631
12092179
8506292
8762967
15375745
9238048
59314
15181903
13953008
16237836
10245054
16799835
16395925
14712433
15132601
7615490
16253856
1898486
2361587
12252049
2101654
10972053
11021886
11024782
16883568
15672672
15079866
15711552
5685769
10766464
10906832
13797041
10385405
16515519
9186305
9034987
3268637
16204265
14025282
14426130
14827566
14205598
11492463
16504618
8356380
16456337
13559094
14553169
15904098
6452714
7904207
12741695
5049541
8848541
12826992
351881
10989476
1692470
3416013
7178670
10455995
7499793
6968158
702635
8050050
5861266
10526342
10930447
15722692
11023091
8459807
15902142
9393105
16192380
7955880
1651228
4803500
10930621
10399376
15327869
14371252
10856965
8135152
2178384
10312193
11022430
10905209
3093070
4014128
12837831
16338549
794815
15916432
15216519
15918674
10070760
10888070
16206151
13191340
10734875
5196399
16072975
12525238
4670847
15828423
15089524
16367195
8763620
13283960
8224656
16322853
13392635
7700393
13099959
9451302
16351229
4110344
8288229
16829186
14487347
14552390
13168898
14687667
13560107
15675892
7222704
13734958
10347570
63247
12606250
9225
7601779
15771352
10824720
10035487
14803694
1608763
11872752
10783991
1646913
15402189
14595848
1510363
13130167
4549488
16015955
1679108
7973781
6743606
6896339
14868814
11043803
13345289
14427529
9813708
10412144
9280852
7207426
12025995
10948228
10961492
10996261
6234975
10947162
10682585
10971279
145886
10814731
7612118
1483698
14359049
10930264
10784723
16796389
14321757
12522494
16454328
16272594
15421813
2047469
12026845
15957963
15630351
15421845
2088622
15422138
15422049
10683306
10474466
5005767
1596696
6604799
4387067
15055277
6993593
7437925
4439461
16086843
16162625
16228848
9278319
7968806
10865192
10997343
1618751
1184470
6810
10912527
10980885
1932656
13973341
2279254
841083
16182094
10864223
15630570
8629009
7904184
2417349
12025202
2978994
15274708
10020749
10997282
8737068
16202104
12933440
10861947
10813154
15098499
7067681
15089583
16098282
16653841
5299538
8763529
4518031
5253439
15130852
4519780
4897143
4902365
7067087
7343277
7331180
16040272
12340407
7828473
11450713
9254770
16252630
15436550
9345625
8392088
16635209
15944380
16301860
13637547
8705073
7478631
11064517
8762045
12780009
8384398
348714
7193209
4440859
8584000
13167405
1915079
16417011
16870932
9684127
13198842
11572634
16666511
14709616
207980
11501188
8210905
1324274
7582741
11909624
14667160
8304582
229912
15535691
3519611
1721354
8392607
8099186
10728792
10789800
10791052
2046552
3384413
15785104
13978543
10829828
13788749
15898724
11575586
9533017
960593
13591379
2956406
10661953
16100625
13116752
10733204
16797018
16380237
3811916
6490965
14655185
6119683
5478400
10829717
8891103
16867947
16777977
13531532
11419389
13965558
10676839
10753070
14200724
3980446
4998039
5628758
8741015
7342996
5672388
7968749
11318420
15075785
14991334
10613981
3689632
5192066
10792386
10853631
8712780
3383950
14872160
723583
12432084
14991700
11207179
14011529
14951985
1056844
8598745
15589136
435391
15644993
7807401
15971465
15070409
8258171
8056788
4519757
13293285
11070328
16595848
5346825
14573912
1967787
16741417
16695252
13982554
7956253
5377351
12921008
8540473
15409400
14040985
14963288
9586291
27025
15073660
14553693
3042315
16888926
7950884
9637712
10773437
16569308
9966623
12815115
9739552
12935388
10994515
7344289
909063
16463310
1301798
15636250
16478978
15781602
11992133
15329343
1296106
15579415
16489433
648086
13600947
16778876
11681475
3271517
14219518
16742943
16507336
633070
2188976
12952385
1163946
8697987
8964884
13597505
5260816
6894794
2123469
1333047
8778275
7345170
15273772
6348983
6522477
7561641
280549
15296054
12266452
30738
7760015
6292283
11636621
10520020
10827064
10810829
6991112
10912081
10884112
11066761
10887140
13636498
13659439
14218707
347594
113211
15971839
8559147
10591824
9432850
16442520
6928641
10704572
15346231
15589424
10070413
16068734
15971644
14014706
2524082
10088573
15509687
2721834
3439203
3116919
13453019
13789433
6402502
13445175
10385321
15565789
16514772
16233192
15436003
2182169
11604488
9977811
2396847
16706877
5620627
14917006
13263878
11947710
13415851
14551959
878935
12382688
16324639
8407352
16193580
1646806
8327078
3689368
7370012
8926626
8796172
16177821
719077
7852469
141545
1598489
3629365
6886839
12755829
5190694
10473103
10393328
10840730
1442028
10937873
8303062
14110440
10458942
10923676
10929043
8576907
10930986
10834465
2770561
14747847
4902565
3325741
9995433
10041491
4902799
14351998
1193395
11983792
6600081
8635973
16556338
3534412
16428049
4175303
1434425
2209751
9471416
9119340
16679174
9793897
7173594
1931788
13622506
7900944
4778343
4105958
8241372
15812013
728585
10942554
13033023
726620
14205282
8091505
949557
9636006
10397251
8304579
10282326
9219204
8225432
10813172
8810375
13727032
1876206
14109626
435389
15954274
7127984
16741210
16569756
9792369
14917469
14079264
10070717
15678486
15284000
554928
15589334
15780483
11263971
14220594
6237414
13566794
16102055
15822076
16121701
9330594
13643804
6041004
14991951
14240146
15952235
7534836
10996174
10230060
9760701
7776769
12275605
8053292
14845574
9251816
13981712
4782281
15756691
13170498
8328410
2132457
178740
15706693
8473183
3441949
14709523
7679171
7259985
1483853
8993199
12037978
3053867
578097
4738275
5347124
2355859
12253994
14360687
14775913
15327674
16635256
6688374
14195736
3138935
16686565
6145167
10684359
10918057
14826774
10900339
10732591
10615147
738547
10383517
10732651
1344752
5919500
7638083
13264163
12230979
15773815
16536186
15888973
5415450
13267277
7086626
14128744
15424108
9119210
4948327
15158815
10859050
15769128
15424547
2756856
2126868
15451896
14950542
14205331
15346699
10831613
5762485
7644599
3741776
2844724
10961737
13915992
14981804
16083670
6527456
10911183
16841511
8146941
3004403
10852311
16897847
16703547
7026597
11483409
15745636
8489661
4907801
15586148
70753
7734405
16556637
16579928
3050172
15902642
7806079
15463373
15720254
3394127
16480847
14774391
4526608
16189483
10193457
8521451
8007561
12522561
10157431
1104912
15760530
13796550
1598872
1081011
13827669
384689
487499
992676
14807817
1738415
10502323
1578597
16180470
6514826
15339049
10791348
14918534
5202841
14501605
1122014
10857835
14485051
10357835
11014332
1975404
14983353
10948871
8125411
13800346
2670951
1275748
13814017
10724176
11010943
10636207
10570862
10753840
16896403
10861791
10945113
524325
14671675
6437010
14497743
1117756
16255081
15630088
9545064
14219809
1682581
6464808
859336
13914298
9910559
8147958
10380780
10689539
3590822
2614474
4053544
5616609
8633953
8389670
2984463
3229488
9215633
356791
8170245
8210577
8487785
8800012
13544851
13281141
16586805
14824227
12028806
14090498
259622
8256165
10128646
13960523
13771390
7331960
13885627
10791544
10705404
7872621
16648677
12230957
9631473
13996790
4013120
13346283
15665070
16290703
15206324
11525500
7134681
5851966
14002957
13911251
16721946
7931074
3883252
9130137
14684733
1421774
10517693
16840797
15215678
14501533
12243795
4917308
15054846
10434902
14705126
16178926
10891431
12989652
2049955
16031356
15569985
504146
10831199
9172460
7047892
10517656
10386033
9112275
4423944
15482268
5942800
12832173
8344020
15134083
12159120
7983070
10409218
12228334
14426097
185630
8921611
9301952
9710037
10342010
10432397
10436203
9315067
10574866
6120540
11731031
12705874
13642014
998701
15772118
6080799
7025250
10616275
16228141
16780250
4184406
15636322
8486422
256148
3294174
1494909
3290739
15883735
6596859
176092
6554831
11929806
516836
9116915
13673979
7980768
13548711
5884813
12258477
11483029
6603537
7699747
13996579
4890230
14071900
16041590
6404232
10247473
11306396
6991935
12846589
5174208
16381520
13641843
6885816
546284
10922099
16652856
4958513
3205059
1967211
15363297
1113230
9201794
7030125
16621667
15550123
7115664
9061762
13897470
2968738
12685055
6934874
10702220
16854679
10946246
10801460
15156805
10803140
10808180
10743757
10888115
2496762
10501439
3199784
7173279
12882037
8390580
13815224
9713928
1001583
882424
14793549
11824639
8685766
13156409
791573
2262616
3716504
545685
14806640
15875731
13279174
13554419
16618464
16860979
8592695
16490627
8421068
114401
8016138
13997869
2944843
8408710
8386933
10229367
9510668
8168233
16577090
16441843
7746463
15194509
14126124
10704326
16001236
15311654
16260126
16498921
16831064
7873804
2926480
10783557
16590237
9496937
15629473
9492331
15630209
10509841
7483031
6202232
12515810
1053945
14804950
352165
16897598
2170688
7418450
13803420
16825473
16900059
10807858
325478
13863748
16274869
15620606
13095330
16544118
10806185
10923708
13031100
15132296
14934023
7933407
15223117
10809412
820076
154715
15328406
16006015
7227859
9532943
12522
14386727
7329782
15495966
6348721
10926639
14981466
6938818
16522894
1511076
2042095
7628183
14257108
14139488
14524545
10770670
14088130
13335441
13349040
15010218
4285232
14535504
13803228
14963607
15677916
15355706
785901
259621
11483333
3139003
15715992
12990777
13512605
16290048
12411116
7811386
10541694
14825431
6808306
15313698
11864708
8068616
7005944
11829138
16032017
365275
13129814
12784778
937842
9463936
3479263
277339
6008099
185289
5446565
1855096
15302207
2825966
1246891
13174268
14709338
14837523
4356478
15822507
15116294
12402232
10596414
3182798
4966389
3554396
9735635
5703943
5394104
2412174
8132903
4324832
13950667
10883520
11024614
16533600
10905337
11163409
10868580
10721140
10930694
10746071
3363113
10919775
14671513
9342219
10711848
10755267
10854044
13979807
568161
4380289
16601533
7858587
16322671
11459095
9882522
16444798
10884695
14654471
14938863
15873936
5852066
16052484
1992217
7026287
16310932
16605688
15486354
15633213
4258545
4638571
14770496
16619940
12489199
12857011
15346114
14901639
16832477
7441773
16830875
13598220
14384424
12983903
14221774
13323177
13477783
2043364
4863273
10069310
14538106
1170492
3916596
8941554
169599
8943252
13650730
16108999
11677629
7197697
16617272
4402199
5589530
12779748
13747542
5581254
14552166
10747219
1925714
12974077
1335204
808660
14181323
1926261
10878336
10943035
783135
10406646
6863827
5173185
15508487
13014967
1484149
2985919
8210662
10963865
909052
1007157
7871076
6260599
5007820
8759773
16621529
1655446
10909045
8614819
15135571
13061396
10070039
15221487
3789600
939996
7361644
301991
10889013
12905941
13157125
6387137
8763676
16439084
15803552
7259880
6140911
15857441
14196041
15194192
6557736
567239
905399
12104562
15860884
13127812
4172434
4227441
14353232
15913334
12809757
13830323
229240
1602634
6304080
1210139
10231986
13815379
5387523
604449
14863194
5423657
13749110
14070670
16274010
2166428
15901149
6518261
13829495
8354354
15314948
515588
15379882
1792134
1836865
10201133
16303980
13624690
10000073
4022209
15423353
8581778
14266916
11020816
14206695
9910056
3402610
16352083
10297903
13075838
536929
9752553
678453
16242691
7305114
9440164
16417506
15598895
2628957
4155352
14986582
8287824
10970070
14596029
16617898
15329881
10998332
15183705
2965491
7011305
9939073
10756717
10830082
7950510
10311667
591431
13654352
199480
5650515
16692626
13841956
10836169
14551164
15990429
15954036
1940496
14935413
14238291
3268419
16369217
12111055
3372859
271505
16677002
18904
10681909
14946094
7492644
4121114
13772817
16202828
1667732
1954514
15068542
7182761
7547857
16861916
786492
4397249
13279963
11969757
15173279
8275961
14282125
13963741
12488941
15572529
10436578
6913116
8706311
13323059
564610
6559587
13158957
10085129
7855569
7383852
7785565
9033604
13832859
16638646
15273410
13512825
14071622
10140341
1504107
1524346
15481800
5068486
16002602
16443564
336133
10369307
6855106
2395993
13573391
16304096
148627
10437411
7861157
15554000
2486953
16149110
4224941
392543
4330861
14352624
1456153
16123900
13095952
9351735
1764459
15268504
8207665
8442634
11181016
8486760
8701226
16788311
8458724
9448855
8275971
4053445
10282410
6523893
417858
9464045
1355744
8384230
8904937
16227942
12930338
14788998
16897188
1870055
3073320
8723803
11513111
15591168
16576795
16725672
16871220
15466398
11533197
8327375
8870673
1815437
10594322
1241029
6132347
12795521
2503259
12857222
1140091
13310861
1164697
15314952
15290825
15648895
14885578
9150423
13299394
13623661
2737764
66119
10308113
16285443
13801320
10926858
4603637
940095
7389246
16861450
15265937
13899240
13592624
1830541
1831361
16606620
15132855
7495711
15179182
11674092
13084294
1264260
