16536186
5650515
4654218
15026204
11575586
16709668
11620
16291030
5976428
15097577
2126868
16348162
14268636
8408931
6387137
13467547
12203625
16857004
8408841
4932734
11611392
9033827
12551557
15706101
16125356
15801360
8860519
2601171
16245771
9198763
13319551
14507316
11084991
10746296
466422
13566467
13512916
14078631
14770931
12813448
16846956
15110752
11419858
155999
9729022
9806664
6292247
8941359
16259813
7888049
12992443
16029644
14110760
14471459
11259505
11069321
10771661
15466861
1115215
2715057
3789844
8125835
15453972
14836117
15733187
6246364
9331216
15315048
16404808
8761719
13240841
16723452
419322
11722243
16143516
15414412
16055802
5579688
9695162
16404571
16271537
13378417
1336481
16354581
16258071
16705037
11463725
13330367
13277555
16081052
16673281
16504155
7456205
16723293
15425062
13391999
14430971
15114686
1579451
5277897
15871917
16857585
11346246
16253849
13771269
15344773
12435603
7400764
16716421
14490690
10233118
15692741
15340855
12854151
5492448
15342754
13860748
11372228
13450818
7854916
9798261
10634634
2210797
3718379
5685449
9301980
10879669
11431318
13961472
15522469
14857804
6317866
10998796
10683573
14608408
9366123
16631329
15044462
14390195
6762369
13863743
9714533
11431978
15242606
15822673
7888923
6528970
8117473
2126363
16478978
9558826
1125115
14352713
15194192
11075529
845501
6120540
16334849
1011751
15328406
9695654
15501322
2589236
3992022
10272797
10944143
12043004
16576473
16568678
8965616
799533
16490147
16337064
14933392
15845543
5537960
13926812
15424614
16098446
76251
9954317
16114457
10518631
16692467
8222083
13376679
8882143
10212072
16054694
5182887
3185811
13733876
16724145
15160684
9877013
8965978
15547119
15844614
13800599
3695319
6909680
13800731
14732367
16353395
1201404
16245596
13933554
16916838
15524041
11212674
10553441
11680766
7149874
7399042
15846397
11438689
1798775
6590821
10985840
9727396
12527087
15927376
15240230
15099657
12189833
13879434
13020178
1201401
15329756
1919754
9373935
12253002
14378817
6880282
16168504
16182767
13335831
15649088
16648013
7066363
412181
4809282
9533772
4820303
10243382
13529670
7225363
16690737
4805001
7527578
15722762
15744028
5085709
5272301
15708163
15099306
11623647
16847544
16381985
15842629
16884675
12916871
8016651
11120908
15721997
13618417
13448517
6573225
6542820
6170233
4034160
14059117
16814431
15423271
16677704
6244327
4568179
6654487
8004763
9171089
16094454
1423622
11574338
11734551
15220235
13632041
4048502
15349327
16004838
13515340
2035861
13733757
8784450
15760021
9047134
16688596
15888263
9798326
11515296
13550673
16053814
11169366
16506629
515300
16195419
15008157
4295573
4902729
16605493
1198464
14935413
16597546
16439084
10075799
4902799
6872214
16042687
845480
16417071
16297659
16260372
14577765
13238956
12511163
13659922
1785463
16228141
9533017
15144208
16507720
16928751
4858023
5811151
16858141
15194258
13656249
848578
13267277
10829760
16479270
9906888
10589867
9921369
2526148
16881979
10815674
15888815
16928369
6396841
3257979
9995433
10176646
3302909
9114249
16066599
2381729
16530545
14746912
9811657
12409730
13592094
7051749
1030482
16402854
13935443
7678059
14298525
10706060
15424844
8739421
15239998
16600466
12071279
8842297
15939585
13349526
5447904
11695306
52662
15224272
14669131
16829883
9859210
7844363
15374960
15955371
15859899
13885276
15858066
8149088
14350550
2709977
13658045
694447
8090239
15196825
4165115
14745247
13399191
16258147
4304201
13372402
16400179
14031262
13699644
10997578
15414282
13319515
571813
16383134
8631840
5144558
9719008
15325025
717000
13261291
16568366
9617309
14696388
8131109
8149763
7534354
14474599
16337419
5728720
8633192
8701510
13731725
16858622
16556016
9217437
6435807
14933725
11443829
11695924
15425534
13960475
16244796
14013609
14792903
13863848
744198
8596360
16707938
6935035
14474955
16188651
6644697
12343471
14060231
510205
13028443
8829545
12369883
12900948
15502298
14357913
15524312
10363339
690694
7826911
13546219
15083766
13335748
2915523
12211573
16843582
13574193
13312645
7602374
12837083
13763605
16663396
13514950
12392314
3686426
8860189
16769484
16148769
1138689
15875415
9525189
13437120
5105383
7346022
4173366
5680889
16382793
8152418
16257834
14760071
16319940
15301456
1275829
15678184
12648302
736250
14518471
16663090
15548014
15418368
15497521
16441729
12524443
8733981
14554292
11070597
13844092
215092
13899158
16370499
15531439
11658635
1618867
13618052
10410197
14486603
14916926
15704844
15553792
13936578
16569358
16325635
5299307
16194380
15181313
9497484
16497248
111632
11166210
13439459
16727663
16194081
10270055
13688342
5499670
8867191
2711127
11284904
15629947
8698198
6074429
13461547
14168642
10885796
16910854
6852408
16034228
14184628
4352387
6302217
15481065
7440597
4219524
9391245
16817448
10107946
10382247
14205444
13993026
15075623
14456918
15008247
13675360
15061298
6543492
15744933
5492338
13225919
10727303
9789314
13345397
10931420
16600827
16631708
5340057
997382
16676749
11910999
12929766
15860884
16630397
7846943
15630351
13979807
16227942
16663659
16856102
13233167
797887
11067551
16038601
16467328
16687199
15873936
10679064
15194176
13207788
6316753
16910064
11374678
9345890
4795263
11731031
5194720
9276893
16013400
13961327
3896093
15194320
6728870
4795170
15580638
15194432
8034027
11353590
4795339
6238992
8956488
683598
12366869
33779
9155785
15991100
11412939
5785978
15088768
1236320
16663232
15451925
2409913
10963500
5607501
3280846
11844122
14674111
4985415
8149518
6449040
13669724
2738841
6277600
10863297
510260
15534867
7343190
7206851
10923960
14341212
4438847
11160183
14491430
12155403
13266340
15118370
7938143
1034545
10549810
14473984
13675277
14637189
3774304
2671523
14221899
2536903
2537706
1627596
10103138
14842671
4948069
11553790
2102616
13489070
1965832
8992452
7245566
6880656
12797813
15998941
1556631
15769616
2367376
8225639
7577994
11089250
9968567
13241079
15916403
4525852
10001450
13467787
12473061
13802796
10277475
16918539
14470394
12929
9927352
15747217
962196
9236962
6312923
5620902
1966982
12007942
12112340
7972559
8472619
13643186
15271554
7697213
9063949
3194055
4606142
4709537
1747411
13268673
513199
11266543
16082710
883684
6823434
4336303
13781190
12784629
6246597
15223567
254270
7416544
7482107
4742225
13534512
14981756
7663173
11791092
12524709
6246921
6250056
16058488
13077744
14747049
14305066
9999826
2305111
16673412
1530721
15957963
1633225
16542790
4902063
13169368
13732998
15470779
16489433
10127110
13022499
16088162
16333539
12203384
7390000
15579415
15523355
15642359
9532943
15904098
7919542
1125079
16288266
5470034
9826167
13022232
5070957
11738809
8871541
4902565
12203307
16826212
5070945
4408592
15775774
4934420
12203536
2105299
13301364
15513030
6238980
6940448
10866681
15602145
16379096
13999836
1673795
9960829
15659050
916790
1251639
15465045
16648307
13621691
14616691
11160719
1551904
6863588
1990774
12956651
16209547
16253709
4180140
15062762
1855069
7922145
13496348
8442993
5163491
14299813
10061311
16073968
13801932
15788375
10038074
10929042
10860986
1583317
4711469
5773524
9596037
2608445
8251259
2656392
1204017
13358147
7419145
3749221
5918423
16454478
16136645
7502633
4490822
14858059
945651
546689
11304038
14858761
15225159
14885622
13786376
10541058
7302117
12051499
16475692
4570060
10362425
34419
7558887
16738043
2770340
7897468
14181138
16043786
1673486
14595362
15744083
6248266
5096056
9239395
13138137
9473338
15287084
15422138
15383658
13116752
2509236
14761178
16710334
12603543
6348721
16785002
10930648
16406815
5853587
1154506
13755049
9755638
15938870
2466350
15925357
14980913
12851433
5146120
16666642
10437583
13100480
15605090
13427895
3377847
7463304
13298437
9927068
15330008
7149792
13961424
12814696
7400941
10143639
14321757
16510288
2042316
13801046
7259606
7011472
3960476
13801466
4727042
7968117
16570226
9096371
13699153
16142023
9382505
14013703
7827664
2276882
9512362
16436566
16466610
13913432
15400206
1320340
16857518
16871792
9802999
14268615
14356760
2599217
6692183
15164206
16191431
16812703
15515207
10685099
12470596
14056436
12957231
16298992
10390278
737584
6166156
1500134
7037197
10118737
15819661
13885632
13365450
15632771
16298881
3185277
2405745
6479361
16685324
14336086
15955995
9508283
15821300
6718304
4288002
3861608
4485589
8194124
14588884
15885903
4816875
4181537
16694478
13081469
943021
2169176
6317053
694437
13016150
14153779
15886658
14353479
3139633
10882988
16586565
304854
3145268
16348433
10340018
9237671
10551965
6639720
13861324
14333091
6216131
1646496
6198959
16346302
11364217
5928850
1571439
10021697
7288766
5475911
1664174
13800566
12445752
15189856
13623123
4353384
6559018
95003
1782812
14357170
16650170
701410
2008473
12952161
3371512
3456209
14236345
11379386
40950
5205556
13292900
16755414
11761698
13218717
1937362
3666636
8329003
12155917
7749066
3410963
7097538
12188469
9995906
10930044
11060074
4716105
8886061
14976239
7621968
8518994
9617340
13226405
7853914
16585126
12901595
10634624
12312060
9879640
12956811
15645520
13156530
967706
2532967
9120025
16846935
3338845
677202
8193247
9807559
10725360
2019663
325882
631479
997217
1214209
1273812
4023971
6900961
14247007
1006777
3383728
9736933
11613122
14474326
15391873
15421845
4774742
14451638
15421813
12104562
14654471
14125226
13734663
15422049
9034987
15422212
15648969
13219329
6000201
4164192
15991040
14652644
923987
15658593
13063694
13194272
8467129
8147531
16300956
11639601
9479822
13962133
16855702
11803286
13203303
14354337
9373096
11048701
16272594
15769128
15781602
16322899
2203283
8801747
10936828
15889175
15875731
4948340
16556338
4263821
13841956
5884735
15145882
13901641
6087712
5785980
15769324
7368199
15775711
16679903
15202859
5094146
14717366
13864060
16872907
7692167
187730
11910630
12408491
4142783
3980307
9477823
9481209
15282659
13745407
11365069
9666476
9350318
16860163
10153977
14139412
16376353
12545727
7699550
10684397
15647825
11035694
597895
15702583
8957746
7971698
15872265
12680119
8226229
16376205
10522501
10812359
8119536
10832213
5268882
7228403
15990879
13623573
15237473
3578473
13592811
12527557
11034770
7918
8113317
14317220
15761418
1535675
15884553
14107817
15736573
6973090
8921544
14219390
7131456
11693834
8924715
13127224
21914
12679836
12547185
13127090
3291776
12090509
9077674
10942018
14276563
6692264
9906380
4161909
16394228
4637003
11049950
2396712
2140005
7899839
16254935
15776584
16637368
4377491
10884646
2540287
14954896
56273
4192219
12272158
15927011
14888438
1202685
9370467
15868421
16352901
15035080
13884617
9235450
8994638
6506271
8763984
867439
14898711
1280992
9717685
943023
130775
16402681
13329419
4032327
16072123
54217
1332864
3905479
1101051
1692978
8195650
15205588
15038686
11372959
883668
8378217
3570116
3251782
4162122
1252780
13064378
10015291
731130
9461020
3963554
10771177
594668
3617573
16677610
6453414
14537906
3459116
2292176
4401266
16675092
10054772
10631598
16757619
4310900
11719431
10440234
854541
3688778
16468044
13513816
7113756
16354461
16796121
15871934
3083937
15833902
16535573
8691562
2192797
12389669
16204996
9278419
8117276
8142
598832
2754912
10117951
10839763
12128075
12275291
14808513
10207866
10495323
898862
2108566
4161836
5562627
6056320
7404359
8296290
14181823
4106371
13962678
8480584
10942606
14820955
7034065
1361315
9330906
14125834
2599043
11346212
12497414
13015803
83233
5380878
12657607
16497229
2704229
1093088
15343159
12405624
15857441
16100625
14059646
7068804
8763676
16667594
14196041
13082165
5184693
568161
5394389
11745803
16158244
252321
15271907
15770878
13605661
5066748
12887097
5696895
9329263
11659966
12137977
11759260
9679247
898833
12710902
4995865
10581839
7787513
2165277
16291066
208186
15167554
15057596
1613352
1761977
6240727
15256273
14707092
7258198
15521559
11903446
70457
3630984
6613236
1275584
3822252
6657645
11819961
3916228
10363693
13557468
15178833
15455642
14557582
11964611
3185456
720826
11770752
246713
13702748
2919529
6402516
3722323
4386823
4847093
6494378
15772118
16447684
10998250
14296659
1682581
7066823
15873231
3268637
12172311
16515519
15565615
16113122
15329343
14895052
15630088
15987415
16084377
132441
15158815
12609202
4377982
14219809
1998111
14981466
3695452
16029428
12522494
16013269
14485317
9198267
3441719
14551164
13530165
10859050
4909117
15641829
13847355
13980749
9511890
377569
9971510
6359043
16181249
15954036
1633173
16323334
6557736
14025282
16549473
199480
14153586
6277389
4559621
10565614
15521505
11495148
13240550
8276064
14351578
14828948
16452268
16428049
9759826
15732039
15453636
16688738
10881844
12151949
7497600
15736217
16572187
15888973
14841943
12431828
4380289
9955894
16443736
2467408
16723740
13591379
15605352
14535483
4520661
2047469
15328485
14351998
9198209
15990429
13559094
13776008
15990580
7383285
3499371
8276702
16071674
10024229
1914602
2445672
11593408
8337954
5057909
4067627
7534891
3748756
13193641
9095247
13347385
10269671
8277350
15450184
9156047
16219320
2046634
8340604
15788643
16335235
15524502
9909570
14356470
14725998
8277445
16303161
10449915
15897986
13396811
6469686
13117353
10450345
11779493
1769162
10994257
6528119
12850283
15565816
12786124
14726135
2088622
10969083
1097589
10834067
16875416
10833987
10933809
10037220
16798532
1466345
9095601
5697257
275115
13388662
15511955
16393340
9512660
4128043
15380161
2522414
9918897
13291
13580338
13802507
15362608
2837537
14729749
14682459
16378886
2007460
6359703
16276067
16240130
14523168
8501746
10269441
9149656
1057048
13294726
5511668
2304925
5806694
8890346
8645398
12592254
13735019
14072794
15585595
14552783
16872074
9929086
2027634
14405427
10791992
2478402
9515331
14404985
14715892
16229019
834749
4339856
13915133
242647
14086052
13602748
8840572
2036967
13642389
5455197
2304972
9011646
7678251
16302458
3769292
883633
16636608
10244772
12424898
15633022
7915203
14898814
8830898
11640123
16754074
13048212
1280214
372183
4533511
9322595
7915962
1504324
4262533
5757805
7116749
10619332
3127031
9578072
7957437
1020518
1059362
15955654
11340038
13016937
410762
16636203
10527271
10037588
14076284
731591
768161
4613237
9048008
10863451
11060667
11555166
13141221
13867534
16119837
16256590
16376544
46787
215929
1836896
10172803
14656006
619624
8756160
12025595
12153960
13577352
635465
13019521
1095334
4477069
8672898
16638368
16702572
16456337
14827566
238658
16881502
13156409
13784076
13751291
3015450
9182964
13788749
8091534
8758432
7132809
11305302
7518636
4559908
2255169
14186387
6957711
11692704
1353070
4277099
1908936
685044
13669823
10697613
9119123
14406140
7770020
7519077
8535864
15789857
2461455
2678294
6229694
13299257
8174679
1892116
8455585
15855319
7733976
13824287
3215251
16927428
7696904
12367976
7583116
14555179
13867445
150848
14611180
16530976
10661953
4156390
15483800
10733204
15309962
7086626
11681475
9188845
7956995
11459095
315479
11545005
6140911
12705874
16601533
4948327
15495966
12041223
15523581
6494663
9548770
11824639
4184406
14426130
9716652
3268419
12459614
14358722
16073408
1100287
8420533
15085679
5969483
15769037
10888761
6720368
9577217
14487347
6187679
12870849
6600081
592883
14671407
5298857
8781352
16322671
633629
769734
6424287
13712952
1943225
6361956
16334789
8782392
9427046
13344490
15898724
4663928
8017820
10813408
2578122
7009654
12571474
8339864
13689617
10617812
1892956
2605957
15775153
7548846
13374780
7073115
14185391
9856239
3541007
8830405
8277236
11572744
13049113
14692492
16726746
2204233
15007375
12290839
4454201
78651
15494882
11255028
9219530
14628135
10553960
2375014
8050957
12208498
2601183
16633556
13944589
650007
6334125
16006713
8286831
15007881
12562944
13415983
14057257
975852
5442713
21352
8327298
15075304
16443167
8817039
5336254
11610327
14883986
1175398
3282231
15471757
1624062
16824393
516333
13786383
8438983
11014144
12492927
11354934
13418418
14353356
14299782
13357982
8613241
14300040
13316093
10729593
11677294
14353121
13495066
13109991
8566680
8845904
14267985
33875
5420651
5872945
16720583
13924706
14845449
686089
4284415
8255177
14776799
6327439
6089907
8468294
13466176
11611646
8249833
516361
8833630
15070824
6258754
16806440
15411365
12029483
6824042
5138292
15703469
1701997
2530006
1583778
16240637
15454916
11677374
14954264
11677232
7678792
11169045
8662158
642792
14073706
4833768
13939573
8355891
15363110
5241324
14818783
315243
8308117
7808520
15901479
10570053
4191311
10969812
3666167
3727823
6729011
918435
13415277
15145752
7562513
3405264
2936304
11229750
516517
10339640
4357509
12688655
2600052
2703266
134238
7548138
869489
8275158
7547756
15406095
7133610
6978188
13927197
9393684
15377230
14472108
302061
6698942
276073
15552899
13730571
16040653
9844222
12206613
13130436
7839298
15376419
11186675
13769057
1353462
15941307
15219648
16766045
6545730
2593753
6707441
10230217
7955764
13238882
4998188
1471742
1138037
13447544
8900754
6992826
6201
2086829
2474170
4546349
6570424
9035353
9888304
10409894
12296013
14569630
4978628
7246615
15769726
16192581
16254937
16272225
84938
12147589
7021422
281472
3264
504137
740018
4481304
6641863
6832430
7564163
10312569
10770895
11070449
11408769
12082094
14886240
9067632
40138
1393654
1069167
10127022
16351285
7858587
5415450
16444798
14185529
12310120
9490490
16847403
14432317
10709592
8011115
9736576
11414548
9598259
7604679
13622148
13414103
8635973
9314084
8047016
16444812
13585591
11659923
12323043
16323953
11490167
62214
10315503
5537678
9050561
15519652
6425944
11755184
3697648
3653874
6884125
4165543
5977470
7150611
7696087
14341795
4705596
1781201
15098383
13415089
14066805
8305260
8654065
15409031
12852590
8705175
4121064
14238269
8411017
7035167
10084667
72471
14056934
8426815
13390667
6820282
8647513
2489367
16483113
16284479
10783624
9186305
15773815
905399
14688313
10961847
1940496
909063
16504618
16516690
15176931
11992133
1033012
3082327
715504
16666098
16618464
12846271
10106139
13600947
13479950
9882522
1336921
3325741
10207254
16426353
896938
14238291
6374167
10574866
16241240
11556239
12522
16722017
13996915
6365190
14239336
16570808
820076
16383490
5838639
8721888
14840538
14647698
2770561
4371866
882409
11552910
15911997
10984190
808841
14806640
11752930
14110702
24685
15192143
7973978
16254893
8569939
16165451
16230760
12253459
3376895
15194237
12763538
1640040
14938863
5998790
15470876
15469932
10041491
15987904
11839379
791573
648086
14548497
875287
16363397
767788
13395595
12677090
861486
13732799
10956845
15394202
14906035
10787034
6378495
3665379
14934340
12930995
15471316
9970137
10456016
10106906
12867911
506105
13882044
8134772
16073242
16630708
2479459
16255902
14139488
9241900
6626648
16286043
6824234
14059375
14907455
8277718
3656251
13476531
637367
11557542
10990009
9317689
16147037
3379430
7902933
5420565
9860097
16004400
16100817
1224036
16910795
1863106
16244469
7856587
16056069
14474493
4897503
10528955
3343907
9807707
4310427
15720496
11419262
7736536
810672
7900742
13263721
16664721
8277406
1053167
2021458
15659163
13962229
9728181
12991335
8113310
15521441
13550396
8595819
12972076
13899981
694433
7650273
14041734
16557185
129388
3803423
16722714
10388973
8890018
604843
7583612
13661253
1100624
15733442
6130904
6168969
430692
9777945
13734563
9035381
11853560
12798226
48356
14126022
13640184
2256717
13640064
3432238
65394
14630289
13684977
10416947
10807384
4037589
11721293
1836529
3293548
4823254
696242
7644104
13142096
5059767
694368
7205979
7631438
1788107
3082000
13623691
6460433
6977125
12297099
13973471
3194136
872202
1359419
4962043
5871250
10940860
13140716
13713588
13846498
15666014
1429330
12960459
11623778
15663880
11772232
11286267
12276018
11325912
9953046
8566208
7550049
10773406
10926265
9352261
14385863
3780703
3932131
4312571
8420894
8452262
13206297
2204212
4377474
1168237
14577227
14058527
9330406
8001563
14016914
729829
3963317
16057023
4985816
16040257
13639927
16362304
12026845
14497743
9315067
1117756
5467600
1863316
8144992
11834467
16490313
10923835
4485844
13591271
13979723
14761638
15423790
4058557
15803552
14788998
10839800
269371
16207655
15859766
225933
11829124
12026856
1292198
9954950
13577647
9133739
2331166
13264569
14155323
16872541
1995873
13127812
16382808
13066265
15939264
3716504
14793549
9435665
9030129
2277754
16778876
2101365
651624
11553658
15424414
4099682
10563581
16784012
14571205
213532
11947606
15512044
6887234
1931937
3877462
13640933
13782569
7897397
4748287
8577678
6186641
16872797
16791338
13603944
4475374
16791859
10453350
3279918
7341076
12138414
9374546
5935887
12036820
9530845
7358222
8597092
3176509
5392555
11983792
1228182
931520
6748152
16792013
7389425
8069279
9464447
5386625
75823
4639434
13858193
7337432
15251944
7128795
16791559
6327788
10126869
14538591
12965956
14390856
9959067
13512158
13661411
596576
2112115
13894181
14884832
1252623
1873261
10544
3284146
13661869
5059214
2171548
16559092
1225319
7934590
8815041
3262667
1908125
14996029
7886901
12931122
7990169
11498709
7205983
15422949
1489817
15440512
16619261
180909
2436131
9511148
7730144
1636418
6258049
1847469
14074045
7920760
13741452
4940139
1693254
15447914
1213508
14385983
3697844
3741768
4288479
12798439
1467224
3354871
13883848
470810
15448149
1229234
4874273
3273393
14223456
1183183
9588832
16180943
10812296
4525573
7073079
7337646
13959718
11039405
15533559
2533040
623934
8030490
13418070
4596405
444616
6303879
12474328
12411577
14808471
9433631
16033205
12705967
13117002
9334317
10229435
6768361
13336459
2653405
7441288
490931
748211
4679737
4921641
5154367
5395489
5827426
7859448
8144602
9779853
11050540
11227453
12115919
12295920
12472335
12678074
12965538
13448099
15631498
850037
16019488
7652700
13898609
13359832
15222956
1072724
12934424
8386950
175122
9174778
3457857
3821643
16815870
10905448
15903424
1301798
8685766
9136987
14128744
300589
6938818
16780250
7025250
9904455
154715
15207940
52713
585326
16652554
14841672
350479
11361656
7698019
5904304
1336998
884770
14690848
13128357
1920033
10889831
5318758
15394942
15701942
14052285
15636322
14068781
15165364
557548
7085722
3013427
2160504
1226596
16845954
16725722
14747847
1144121
654279
13311164
13157125
2614717
7108345
10840724
1743201
882424
14553169
16651781
14716013
15148862
14943433
14655591
16856770
7884952
12835527
4728615
8382187
13116507
8992582
12115392
16204265
16900951
15888970
7329651
8028929
6765802
13112761
10773277
3832296
1039779
16549352
14907597
2164917
13279174
12270048
8868880
6363639
15151013
760539
14052306
5070054
8685943
5070973
7143666
5260816
5903014
15149013
960593
1344306
14994786
14168466
16826528
14672663
14717511
4024518
8776392
13591025
15604860
83257
15736621
12537957
7903543
220418
8762652
9880668
8269701
10771196
3981270
4873971
1014016
988399
16671511
15352732
9242011
12175060
15703047
4023930
10576612
6784867
7750960
15974066
13171280
2748298
62804
256176
9470106
14860140
4650391
7697503
16556504
16406558
7897036
9010894
8933606
1246568
10924205
16478838
10333567
6648062
6238861
15217090
2552543
8690735
3444986
11641748
10517359
55255
13435073
1615052
1489905
816970
13787646
9513587
5309235
9388018
5069984
14907219
5414237
1738133
4052680
8842990
4576416
10968239
9198155
4164170
10137578
7784030
16404876
8553341
3586422
8668164
16424233
7257854
10434073
6529100
12208792
12683626
10835440
2919297
15253006
2430730
561602
3780633
2448203
14196830
3791261
3801487
14521520
8842
7955738
10250606
1382703
10543200
15703291
1953596
10774057
704029
14250202
15044111
15707857
14786197
14467093
15759933
1428454
8541515
13787515
16516823
14554419
10807396
14388692
15469311
9198324
12041
719335
4583410
9479154
6500567
10948584
6102300
602784
10105537
5070796
6435814
12008385
1076776
16842938
1732993
16100039
13173130
13978745
11229474
15479034
343296
14252082
5919508
5730680
14874723
10825530
1550788
858329
13762929
2403963
12762388
15374659
15869173
14844216
13247274
13466559
937832
11018668
14054842
13830518
4323610
13418518
6854723
4792198
886900
6954301
7133058
14335803
12572019
10451157
12152498
1232943
5835221
810909
15469307
15093155
13671535
13708816
16599266
12776465
10473602
15928548
14820910
8760262
8356380
7329845
6080799
16692626
567239
13191964
10436695
5969074
11971314
1296106
8088720
2183104
580106
15267186
13127954
16687904
9918068
7226841
4129398
537602
14570892
2236694
3545312
9130888
2016198
13884539
4155983
1478708
877124
6954332
664307
13652971
2062696
10884695
1959880
3073304
4275896
16301323
13344587
8482762
9350779
2104515
2056543
4936367
14053493
10914116
15792200
129515
13548606
3673920
8144647
8558285
6437010
12971980
10990428
82919
2319032
4718531
4925354
7939511
10854106
7884199
1932019
9525734
11379406
7718075
9173483
7022309
16586205
7328359
16176101
2105840
9847111
5590567
14551535
7092292
15197344
14206211
1080933
10786593
8508488
242472
3843704
12973475
4841027
3710477
4493744
9319884
1637052
4311670
13912224
8276309
6950975
14949048
2214584
1122374
12832295
4664110
1598886
4795605
1941534
15027959
10968243
7247746
14613099
14716601
1612702
10813523
11479776
15662958
9776134
9495579
6387895
7763438
1226111
13375464
13142221
10597505
60819
5146543
13675704
16468603
1103100
7618319
2198013
5882648
1084478
12409014
3625270
5916440
10686053
9260368
647170
271923
722454
9953594
1807017
9580380
13814336
13902012
15466708
16467637
5620346
45870
40303
6431885
7389735
1361043
4001715
11864328
8271056
12837365
14549750
10418322
9051149
15636250
16245090
14205598
16635002
8152867
545685
14422371
16070696
14400698
16255081
11492463
16579687
16454328
2956406
10888291
2372569
3549398
6464808
14029901
1989997
16369217
164207
6074750
15074616
13769493
1110346
16406118
8685898
10616275
9119210
15090968
625655
57676
10427768
13732905
13554419
12684256
2333058
8308630
2105714
12930338
7643927
16463310
12754647
12111055
15424108
7054235
284178
14070982
420160
6329731
4701884
7922690
13732035
2374370
4720512
10436163
645139
26843
14386727
13126240
13280672
5547500
2198399
6678252
15037276
1615088
334339
14671675
10367010
8240198
12428522
16652963
2737894
998701
238190
14165596
9097223
14464362
13724120
2538807
15423910
8055632
2756856
14043110
15424547
15424011
13604278
2188919
7939262
14773919
1827177
16006015
3079665
14995032
14591043
5606842
10379560
11303760
10836169
14375372
15731733
12023104
1003591
12852660
16653242
13712441
589676
5468024
11378889
2770268
11421711
13769730
1126710
3284042
7198666
8650354
15285867
8270859
14011173
9110032
15060122
12999869
1421937
1901682
8187584
1747195
15295068
13030090
8048653
9150171
8104214
10126600
14640100
2197345
16443034
748222
16619256
11720074
10829725
15102053
4275911
8869579
5978964
4122671
5538737
11213150
10902600
10022810
16147887
11100926
16836092
6412435
11998353
9776467
16913494
11657897
13574203
8847285
6201280
6671126
9387084
10477793
10929133
15692759
6364788
16274378
15952923
10604248
10281987
8743207
15209750
5319588
13465756
13563897
7025922
13094490
2628341
8323915
10965948
7583060
10990593
2474393
2474857
7734403
14305759
16190529
5803070
4933787
485245
11640575
10021683
13806046
3687183
6211289
26622
10358360
10153046
4637928
13981030
2070192
9333167
10012664
5846018
8994562
1080408
15717265
15497575
10418005
9047210
8884625
15560650
10394948
12856903
4935995
15133710
8371368
6823057
4360006
13335421
9064139
15550045
12172552
3985721
8084588
16079346
6869890
13400226
8371435
9643886
9029725
7857589
6940354
14136445
16468614
10205031
849858
7351575
4559901
9919372
13625214
6143487
1997774
8646447
15101621
15832358
8473735
644948
6416247
6576508
10454632
3821592
4730628
2132426
16570444
6783618
2010572
14577516
6767858
10075227
4317870
3523033
11016886
8088428
15568442
3052906
9261272
5174857
13082691
5883872
2102251
7401158
1183521
16055969
16017966
4104344
14507492
6968158
16202617
12024261
15311518
13749078
10099733
9365080
8167459
6716417
51073
11674758
470686
15569673
3486460
15055277
8682945
10615018
16578747
1992217
8101297
6629798
13280184
4387067
2782602
8848541
7729217
13899875
15449736
45956
14219518
15756104
3836052
7499793
13606695
15466398
5852066
15054372
8324569
4105958
15662917
7264532
10676839
10273567
4885932
15649595
9394595
1954514
10885556
13914298
2771966
351881
7900944
10500754
4778343
13549311
4053544
8907289
16576795
9551370
7182761
10528294
7227859
516836
114401
964751
14054264
12328003
3999832
5196859
4093807
774323
1931788
2134475
3433930
15812013
2557977
10067187
5013816
3667551
10689539
7437925
3416013
16779078
4135201
13578021
14571580
4439461
4227441
16601793
15164449
5478400
10765183
14861698
5552105
4093967
9433931
4695477
7547105
12583759
6970746
8702764
9119249
551865
7989636
6452714
1261074
10733321
213283
2042095
7026287
9119340
16777977
10940485
4092288
15069107
3271517
3218306
15376388
14632987
8904937
593253
2315086
11953056
3229488
5506592
1333047
2209751
8950002
16679174
256148
14432761
3355334
1203172
545585
14486844
2031532
4175303
9793897
5394755
14873411
14205331
14950542
7628183
8891103
16577090
3811916
3404981
10455995
379349
9471416
15883735
2123469
8241372
2944843
3311711
14012294
6870555
8406322
1803219
728585
2614474
15701360
13327656
1667732
630199
9695372
12826992
13772817
2694526
2448356
3028924
14805196
10926639
3590822
11225678
15755796
8524982
15486354
2984463
859336
14524545
8793569
12027959
14536328
16797018
7272492
14292435
10000523
5218022
8474452
11059556
5481377
13925189
12590446
58756
12361563
10968160
3563061
15665568
4285232
10469182
2677288
12522344
15455061
3122882
971116
10088395
10767861
13327441
1892250
3073038
7348398
1205031
3742189
15624763
62519
10813277
6742626
14051814
8352275
5760881
6365956
18904
16807132
10683306
4025466
934102
5549178
8102262
1525886
7949668
971069
11345707
5338610
15258987
708731
15633213
15411459
15177458
283977
4446003
437385
1332343
9015148
5616609
13021568
1733177
1148625
13375752
1222214
5536512
16871220
7329545
8652929
14471904
7009791
6987656
14389328
16338618
588939
10835637
4105892
13927587
11757982
882435
14946094
14717626
7949624
13803228
3882131
14025054
11023703
1931763
1925206
14501055
13349040
14505925
10542904
14553441
15376856
4989457
15734872
598271
2112118
8685817
364397
406930
16778491
4891068
12952385
12546418
16001051
7034114
11929806
4554977
15354291
8943055
5643083
16351934
12932903
7957587
6016017
350391
1589361
1857709
10235526
16317597
19040
9970093
15422021
14180032
14551483
5345792
16490627
8486422
9154591
6425800
1140208
3687608
16310932
13531532
11419389
5333346
14139226
2927781
2471457
3283447
12919971
10838870
11949198
9215633
1596696
1999959
3744863
16507336
10603148
1627259
16208470
16605688
14535504
8987674
14257108
15084163
10772200
10681909
12543892
12368892
6119683
4157192
16298221
10229367
5049541
8147958
13597505
13396490
13604578
4280408
7178670
4051455
7904207
15553652
7940010
13466982
16602792
9910559
7772800
13719341
16601458
8388709
16518099
12211598
7492644
2139562
1870055
16867947
8389670
15512010
16704550
12401310
8697987
15942888
9844630
7333736
6412221
5861266
10972427
15134093
4321720
5458248
7007759
16725672
4630076
9240268
15471150
8739306
7502595
8472818
558205
10829717
7663186
5454959
6591087
13327993
15177421
16276576
5572169
1356817
779109
15256802
10728546
10946042
14241328
2193638
2706776
10455233
10989476
10807060
9116915
6783349
11124429
5708749
5849371
7441143
1623609
3199703
7680348
7054695
9512301
178532
7111375
1120656
8955959
8084655
6476983
10513695
6993593
798222
10877828
5258355
10594322
9885647
8224399
7441129
13671296
9295965
14139335
13237805
6504905
12175681
14631715
9823848
5117430
7502193
4660867
4222197
12582732
1499843
10944402
15299001
4565015
10039957
10840373
7655099
5195874
7027139
16924035
11058546
8472083
6675827
8758259
13080090
551851
4501272
10270735
10631203
9904485
14073882
3957762
6481957
9189214
15967961
16844263
6077601
7840712
8473252
271505
1493659
14808517
8882782
3630011
14710157
138772
10728455
15312095
5631995
11087273
611658
157476
15375517
4109600
10364499
9095673
10985283
12295926
14871918
9534091
10881222
11044110
11060073
10634267
8473134
12569788
10106937
14128375
15363634
1614622
1707486
5299327
4277696
14008695
13898253
684699
1273037
1995487
6604799
9092593
15346172
8935510
8776928
16257365
15455832
5272750
10592126
1438864
16883902
8777964
1241029
15248956
8307606
936209
13828338
596462
3594786
7937782
8384928
8290464
15974098
12912065
8210577
7745042
8592695
14136246
9368672
2515717
11062868
8159544
4894416
12432084
10149591
11085807
9486590
10854353
1822972
4624467
13477853
11105741
3320213
1468637
6294353
8817182
11068352
5772013
15722690
8155106
9497588
10881879
7534729
9486573
10861856
15287102
15075785
16572734
11681541
12905320
9713335
10226935
3319023
8118464
11364988
13901471
10999527
2468125
4644790
11106417
13962795
5423473
13936968
14027250
11624048
8274354
16569306
10878643
15284087
7902488
16548419
10546027
6092935
10823803
13415763
15756527
9436713
11460984
7809420
10526342
15275345
12832388
15342819
9256506
8050050
1551553
16380237
1750093
5181386
10959676
16570216
6883183
10833918
9669444
11605674
3355288
16769052
6570087
15097007
7419046
12382918
15767699
15927761
7712676
16274951
2088912
1932656
14936372
13240929
8459807
10435334
9636960
10593261
702635
10811617
10930447
14887262
6199643
725300
8034806
8276435
7730652
7439070
2978994
4803500
5041554
9048955
7914478
16599400
16694385
2866418
8597777
10912409
10833655
14501017
10656597
2644770
5873066
10268558
11065185
8028540
8155037
13973341
10912527
16726700
4136297
10399376
14653150
7968749
9814508
10456792
10769176
10878514
10942561
10992652
8135152
9393105
6810
4014128
10833518
2279254
11010288
11993313
1722394
8363922
10805021
10902078
10907472
10985158
15342306
4998039
8595304
11023980
10865192
10613981
16677480
8066789
10840082
10860474
10872025
10930647
11022430
11023091
10884865
10783702
10783912
6812162
8656152
10858401
10864544
7955880
7342996
14371252
2478558
10312193
2558688
14898913
10925179
10282326
5192066
6522477
15630570
10921050
12266452
10980885
10885406
15274871
11020738
10020749
15327869
10282371
10434779
949557
15117204
15820113
8629009
3383950
8225432
8091505
15499467
10856965
11023714
10834961
10930621
11318420
13389922
10988716
10877861
2178384
15722692
1979761
14205282
8304579
841083
14872160
16338549
3093070
15099424
1174214
8126890
9278319
10864223
8778275
5628758
8737068
14200724
10753070
1651228
7561641
537771
10905209
10139575
10861947
15215720
30738
3980446
6292283
15296054
12837831
2844724
14991700
10942554
10921682
10911819
13727032
10397251
15902142
10813172
5672388
5762485
10997282
10961737
10813154
3741776
10853631
16202104
11207179
12756507
10813960
7968806
3850649
2417349
15223102
8170245
15273772
8810375
8146941
16182094
1618751
15274885
9219204
9041982
10837724
10879548
12025202
14991334
15274708
8712780
10786902
7693179
3689632
726620
358672
14109626
1184470
3004403
10831613
10827064
14375953
6481703
1876206
10520020
7808362
6527456
10852311
15988815
16083670
7385561
10969283
10912081
10884112
10887140
15988144
16841511
15886674
15346699
7311055
10234666
10789257
16282187
10770976
280549
13636498
14981804
8636006
10318940
2387741
1022329
10752656
10753022
347594
12675133
15833166
10911183
10998686
8874978
