16478978
4654218
16536186
4295573
9558826
16605493
5650515
10075799
15328406
4902729
11575586
16709668
15194192
15026204
16439084
16291030
14352713
5976428
15391873
1093088
16497229
16447684
2704229
13138137
16702572
15772118
9473338
16631708
1633225
16673412
16322899
16113122
15287084
12405624
12657607
15957963
8356380
16362304
6080799
12026856
14549750
8088720
16245090
15903424
16490313
1296106
16463310
13157125
2183104
567239
16635002
1301798
14690848
15267186
16017966
4104344
14507492
6968158
16202617
15311518
13749078
10099733
9365080
8167459
6716417
51073
11674758
12024261
470686
8682945
3486460
10615018
12932903
8943055
7957587
6016017
1589361
19040
15354291
6993593
10772200
1995487
16351934
10989476
3283447
1999959
16298221
16844263
7178670
10829717
13901471
13240929
6092935
10999527
13962795
2468125
4644790
8274354
11106417
6883183
5423473
14027250
9256506
11624048
1932656
16548419
7902488
16380237
10878643
15284087
8276435
10546027
9436713
15342819
10959676
15275345
12832388
16769052
7419046
16570216
3355288
15097007
15767699
7712676
6199643
14887262
6872214
6120540
15097577
11620
845501
14268636
14935413
13238956
16297659
16334849
2126868
14577765
16597546
15144208
4902799
16348162
16417071
16228141
5340057
3268637
15769128
150848
16515519
16100625
4909117
7066823
14296659
10998250
1998111
14611180
14219809
15781602
16530976
15343159
15383658
15329343
1336998
9918068
8144992
14553169
8685766
4129398
10889831
15636250
16284479
16483113
10418322
16040257
884770
13280672
15394942
4058557
882424
7329845
7904207
10235526
8592695
5643083
9970093
15553652
8389670
16507336
14139226
9215633
5454959
16725672
15422021
7502595
16569306
10823803
15756527
9669444
7809420
5181386
10526342
8050050
11460984
15927761
6570087
1750093
10435334
13415763
10833918
1551553
14936372
11605674
11993313
11065185
10858401
16599400
725300
7914478
2866418
10860474
8028540
11023714
7730652
10878514
10925179
11023980
13659922
9695654
15706101
12203625
15501322
16042687
16507720
16260372
2589236
16858141
11075529
15801360
1125115
8408931
4858023
16857004
10829760
6387137
15889175
2509236
16456337
15630088
13901641
14654471
12710902
12172311
4263821
13116752
14761178
2203283
8801747
14827566
16676749
1682581
14981466
997382
14205598
4155983
14128744
9136987
300589
654279
14052306
16780250
14788998
7025250
9130888
10839800
537602
9904455
7226841
6437010
154715
12835527
5852066
4105958
15662917
7264532
10676839
10273567
15569673
4885932
15649595
9394595
1954514
10885556
351881
7900944
15054372
10500754
13549311
4053544
3468179
1596696
13936968
10603148
1627259
3744863
16208470
16605688
14535504
8987674
14257108
15084163
10229367
13396490
13604578
702635
6810
8459807
12382918
2644770
2088912
14898913
10811617
16274951
16694385
16677480
10942561
10593261
16726700
7439070
8363922
10907472
10833518
4136297
9814508
10456792
10992652
4803500
4014128
11010288
10805021
15342306
10840082
10884865
10783702
10815674
6396841
16568678
5811151
9906888
466422
16245771
10272797
1011751
8965978
16272594
11459095
14351578
4156390
12366869
15483800
10936828
6348721
16029428
15987415
132441
15470779
13732998
13156409
10733204
16333539
377569
9096371
269371
8382187
13652971
15207940
15773815
52713
14747847
585326
1743201
16652554
10783624
2062696
14841672
16369217
225933
13191964
4275896
16579687
8907289
9551370
7182761
213283
7547105
13914298
10528294
7227859
516836
964751
114401
14054264
12328003
3999832
5196859
4093807
9433931
1931788
10681909
12543892
12368892
7940010
6119683
4157192
7492644
5458248
5049541
8147958
13597505
8388709
4280408
4051455
16867947
14653150
5873066
14501017
10872025
11023091
15499467
1722394
8595304
10912409
10930447
8656152
10997343
4998039
10865192
949557
9278319
6812162
10833655
10399376
8066789
11020738
10020749
15327869
14371252
2558688
8629009
10312193
15274871
10864223
10856965
10930621
10988716
15630570
841083
16338549
16576473
13467547
14746912
16490147
9033827
13319551
5537960
3257979
8408841
848578
1198464
1785463
3992022
2526148
16542790
4948340
15421845
4377982
15873231
15769324
16556338
10661953
7068804
4902063
14351998
15422138
15904098
9532943
15702583
15421813
15422049
15422212
2160504
11834467
14422371
9133739
9051149
350479
3545312
998701
10836169
11361656
9435665
6938818
4728615
14688313
16454328
877124
12026845
5070973
3433930
15812013
4778343
16576795
2557977
4227441
16601793
10067187
3667551
4387067
10689539
3416013
7437925
16779078
4135201
13578021
14571580
4439461
16704550
8697987
12401310
13466982
16602792
6412221
7772800
13719341
16601458
16518099
2139562
1870055
12211598
15512010
8225432
10282326
10613981
10769176
10434779
7968749
7760015
10902078
10985158
5192066
7955880
13973341
10864544
10282371
10912527
2279254
2478558
10834961
10783912
8126890
3383950
13389922
8737068
2178384
537771
1979761
12756507
3093070
1174214
14872160
10905209
16202104
8778275
10853631
15845543
8965616
16402854
13566467
1030482
10746296
8882143
4932734
15846397
9198763
15424844
15329756
12253002
3302909
10212072
13530165
5184693
13841956
13591379
14551164
15860884
199480
15145882
15888973
15158815
15857441
15309962
16630397
568161
1530721
15954036
14451638
1478708
16204265
16406118
16692626
14068781
2016198
10436695
10884695
14386727
1940496
16176101
10616275
8685943
9119210
5070054
7698019
16516690
5478400
10765183
14861698
5552105
4093967
12583759
774323
7729217
4695477
9793897
6970746
9119249
551865
7989636
6452714
1261074
379349
10733321
15942888
9844630
9240268
7333736
5861266
15471150
10972427
15134093
4321720
7007759
8472818
9910559
16276576
8739306
4630076
10728546
558205
7342996
8091505
15117204
10877861
10921050
10139575
10930647
8304579
10753070
2187942
11318420
10980885
14205282
12266452
30738
6522477
7561641
15099424
14991700
11207179
12837831
15274885
12933440
10997282
2417349
15223102
15274708
10861947
16182094
358672
12025202
1094310
8712780
723583
7693179
6481703
11419858
16600466
12189833
11259505
10176646
9921369
14507316
15888815
10518631
14078631
13349526
12813448
14378817
15424614
13926812
16846956
7051749
8842297
15565615
16181249
15579415
15630351
16406815
13100480
14895052
7846943
11681475
16489433
9188845
7956995
1154506
4380289
6087712
6277389
9955894
7228403
5318758
13639927
909063
9186305
3073304
11829124
12115392
15803552
16070696
5969074
2104515
13279174
9067632
2236694
14400698
14570892
16504618
13554419
2042095
7026287
9119340
16777977
10940485
4092288
15069107
3271517
3218306
2134475
15376388
8904937
593253
2315086
15164449
3229488
5506592
1333047
7663186
10455233
7441129
6591087
13327993
9116915
15177421
5572169
1356817
779109
3199703
15256802
7054695
9512301
10946042
1651228
7968806
7345170
10942554
10911819
10397251
3980446
6292283
5762485
15722692
5628758
10921682
15273772
8170245
5672388
10813154
10813960
10837724
10879548
10786902
14109626
15346699
10520020
10827064
8874978
1876206
10810829
6991112
10912081
10884112
10686709
10998488
7738903
8941359
5447904
15939585
548461
5182887
8222083
16098446
7678059
15224272
15524041
238658
16570226
1633173
3695452
683598
12705874
14485317
315479
12929766
14059646
4902565
13776008
13847355
3441719
2046634
13669823
14321757
5853587
1920033
14793549
2198399
15636322
14185529
1421937
83257
5606842
2209751
1203172
8950002
16679174
256148
3355334
545585
14486844
2031532
4175303
5394755
1356129
14205331
1471683
14950542
14632987
14873411
7628183
7441143
1120656
14241328
8084655
6476983
10513695
2706776
798222
10877828
2193638
5258355
10807060
10594322
9885647
8224399
8955959
6783349
11124429
3850649
1618751
3689632
9219204
15902142
9041982
14200724
15215720
15296054
3004403
457892
8810375
10831613
10961737
2844724
6527456
10813172
11066761
2387741
14162759
1022329
9373454
1713916
13246853
12872617
13636498
10318940
8636006
347594
10753022
10887140
11013503
3555081
10472142
14669131
14770931
9954317
16723452
9859210
7844363
15110752
13800599
10706060
13512916
15374960
14745247
3185811
6292247
15858066
76251
7888049
15990429
14153586
15875731
14841943
15328485
15775711
13864060
10522501
16013269
33779
12609202
4774742
10859050
11545005
9511890
6140911
13979807
16379096
9954950
15859766
16725722
16383490
8152867
8028929
10961847
905399
12754647
7143666
12111055
15424108
1033012
13600947
15176931
1959880
16255081
3404981
8891103
16577090
3811916
10455995
9471416
6870555
15883735
15624763
2123469
8241372
2944843
8702764
14012294
10683306
8406322
1803219
728585
5708749
5849371
12175681
1623609
7680348
9823848
178532
7111375
5117430
7502193
4660867
7840712
4222197
10944402
4565015
4109600
10840373
1184470
16083670
10852311
10477007
15988815
7385561
8146941
10969283
15886674
280549
15988144
10234666
7311055
16841511
16282187
726620
10789257
13659439
2310518
4989380
7181467
7904184
15275910
14218707
3852047
2961369
8847587
13658045
9695162
12992443
13733876
14732367
15239998
16692467
8090239
16258147
16114457
15955371
15414412
14471459
1919754
13399191
16785002
6359043
16084377
16323334
12522494
5884735
15990580
13699153
14980913
12408491
7519077
7368199
5094146
16601533
9198267
14025282
14886240
14052285
14155323
960593
580106
15423910
16687904
8868880
3832296
10106139
760539
13264569
14761638
3549398
13127954
2372569
5978964
12851586
2614474
15701360
13327656
1667732
630199
9695372
12826992
13772817
15633213
2694526
2448356
3028924
14805196
10926639
3590822
11225678
15665568
6987855
7655099
13671296
9295965
14139335
5195874
4225721
13237805
6504905
16924035
14631715
11058546
12569788
12655024
4501272
9904485
6481957
9189214
10998686
10901516
10911183
15833166
10770976
14981804
10972448
7550032
811391
5443202
970021
10552656
6348983
8487785
15547119
14298525
13960475
11611392
13699644
12071279
15160684
11069321
15414282
13247780
155999
9806664
15859899
16353395
7399042
16054694
11212674
187730
16710334
15641829
6494663
15898724
16227942
9477823
13022232
5070957
13751291
8276702
15648969
7971698
7073115
11365069
8524982
15486354
3311711
2984463
859336
14524545
16600628
8793569
2771966
12027959
16797018
7272492
14292435
10000523
14536328
5218022
8474452
1499843
8473252
15299001
10039957
16257365
8882782
10728455
11087273
15375517
7027139
8472083
6675827
8758259
13080090
551851
10631203
9534091
13033023
13544851
15342718
15818763
15196825
2261596
16482263
16143516
14031262
13376679
16348823
10997578
571813
694447
6909680
597895
1535675
13022499
16667594
6557736
4520661
2047469
15495966
15453636
13980749
12680119
13233167
15990879
4559621
4948327
12603543
14717366
12041223
13642014
14672663
8055632
5550248
13344587
15151013
15424011
15888970
2164917
2319032
6678252
9882522
14238291
1336921
5260816
15037276
15604860
6363639
11059556
14717626
5481377
13925189
12590446
2677288
58756
12361563
10968160
3563061
11953056
4285232
10469182
12522344
15455061
3122882
971116
10088395
10881222
11044110
11060073
14073882
3957762
15967961
8473134
10106937
6077601
1493659
14808517
3630011
14710157
14008695
138772
5631995
271505
611658
7534354
16383134
8633192
13020178
13800731
16289384
16858622
10985840
12527087
8631840
3789844
9373935
9729022
16568366
16428049
9382505
10390278
11910630
15658593
13169368
16679903
7692167
3980307
8277350
13559094
7037197
14013703
1943225
13082165
16088162
16872907
10930648
13979723
13126240
1989997
14671675
9315067
10773277
13769493
3325741
16426353
15090968
8240198
13884539
8144647
9242011
2614717
13732905
10767861
13327441
1892250
3073038
25662
7348398
1205031
3742189
62519
10813277
16338618
6742626
14051814
8352275
5760881
6365956
18904
16807132
157476
10985283
15346172
8935510
8776928
9095673
12295926
14871918
10634267
5299327
16883902
14128375
15363634
1614622
1707486
4277696
13898253
10592126
9028989
16337419
14696388
11438689
16029644
15927376
52662
14125226
16291066
12431828
16467328
15884553
13592811
16572187
9548770
16856102
14107817
16881502
8921544
11593408
9350318
10449915
11693834
1673795
9156047
12684256
10840724
10207254
6374167
14029901
15424547
12428522
16652963
14087807
2748298
15701942
13591271
14168466
1863316
16241240
13970165
16651781
934102
5549178
8102262
1525886
7949668
971069
11345707
5338610
15258987
708731
15411459
283977
4446003
437385
1332343
9015148
5616609
684699
1273037
8307606
6604799
9092593
15455832
5272750
1438864
8777964
1241029
2515717
8159544
4894416
9368672
936209
13828338
596462
9727396
15649088
5144558
1798775
8125835
412181
6935035
16244796
15453972
14013609
12489143
6290803
16404808
15315048
11463725
12043004
15466861
9077674
16038601
252321
15642359
11824639
5070945
10127110
7258198
13784076
9512362
16687199
14196041
15789857
15202859
14535483
13325900
4184406
2467408
13021568
12952385
1733177
1148625
13375752
1222214
5536512
8652929
14471904
7009791
14389328
588939
10835637
4105892
13927587
11757982
882435
14946094
3594786
2444713
7937782
8384928
8290464
15974098
12912065
8210577
11062868
7745042
14136246
6294353
10149591
10364499
9486590
10854353
15722690
4052091
11695924
8701510
4304201
8596360
15733187
2715057
16556016
9331216
8016651
14474737
9719008
13335831
14933725
717000
11443829
7527578
16847544
6246364
5394389
10994257
15732039
11412939
5268882
15524502
2165320
9481209
14426130
9755638
10697613
13623573
15872265
10565614
8277445
15605090
15736573
16209547
14655591
16900951
13127812
12537957
15352732
256176
10786593
1995873
8776392
16570808
4480642
10914116
7329651
3697648
16722017
12930338
15792200
5218679
7949624
13803228
3882131
14025054
11023703
1931763
1925206
14501055
13349040
14505925
10542904
14553441
15376856
4989457
15734872
598271
2112118
1822972
4624467
1062497
12905320
11105741
3320213
1468637
15075785
9713335
13477853
8817182
11068352
14836117
14060231
7745720
15425534
9533772
13240841
5728720
9496892
6644697
15659050
14219390
15256273
694442
10685099
16376353
8276064
13427895
15521505
13788749
16549473
7643927
2333058
6074750
164207
16006015
3079665
13116507
9110032
13066265
8992582
14995032
14591043
4841027
364397
12005182
406930
16778491
4891068
16001051
9510668
12546418
7034114
11929806
4554977
13735664
9497588
12432084
16572734
10861856
10270735
10881879
7534729
3319023
15248956
9486573
15287102
11681541
15312095
10226935
8118464
11364988
13319515
7066363
8149763
9617309
8131109
690694
16271537
8155106
5277897
16188651
15524312
13529670
13028443
16884675
13378417
9235450
16648307
13347385
7086626
14828948
3015450
1125079
5772013
1322804
9802999
